19
John Adams
Ronald Reagan
George Clinton
Ulysses S. Grant
Warren G. Harding
Nelson Rockefeller
Calvin Coolidge
Thomas Jefferson
Jimmy Carter
John Quincy Adams
Woodrow Wilson
Rutherford B. Hayes
Abraham Lincoln
Lyndon B. Johnson
George Washington
Gerald Ford
Henry A. Wallace
Barack Obama
Richard Nixon
9 12 16 7 18 14 17 2 19 13 6 1 4 15 5 3 8 11 10
17 5 3 15 4 12 6 13 10 16 7 2 1 8 14 18 19 9 11
4 2 5 6 13 15 10 19 12 17 1 16 3 11 9 14 8 18 7
9 7 17 2 13 5 15 8 18 10 4 11 3 14 16 6 12 1 19
4 19 16 1 3 8 5 9 11 2 6 10 18 15 7 14 13 12 17
14 4 1 16 18 3 10 15 13 8 6 12 2 5 7 9 11 17 19
1 8 11 17 15 3 7 14 4 12 13 5 18 10 6 19 2 9 16
18 10 2 5 12 14 16 1 4 17 15 8 19 7 11 9 13 6 3
14 6 5 11 15 8 3 19 17 4 13 9 7 18 1 12 2 16 10
19 12 4 10 7 17 16 14 5 8 18 1 9 6 3 2 15 11 13
2 19 6 15 16 18 3 11 14 12 8 10 4 13 9 5 1 17 7
9 17 10 7 6 1 18 5 11 4 16 14 12 3 13 19 15 8 2
8 1 12 9 14 15 10 18 5 2 4 3 6 16 11 19 7 17 13
4 5 19 8 1 15 12 6 18 11 14 7 17 16 2 3 9 13 10
4 11 5 6 1 15 17 13 12 2 8 14 18 7 16 3 19 9 10
15 19 9 17 13 11 14 4 10 6 5 2 7 16 3 1 18 8 12
7 8 19 1 9 14 17 18 16 11 5 6 13 3 15 2 12 10 4
11 14 19 1 15 3 12 16 2 7 9 18 17 10 13 6 4 8 5
12 14 1 10 19 7 15 16 2 8 17 11 5 6 13 4 3 18 9
2 3 8 4 9 13 10 7 16 12 19 18 15 1 5 6 14 11 17
18 14 12 19 6 9 1 5 2 11 3 13 17 15 4 16 10 7 8
12 13 2 3 14 10 11 7 8 4 5 6 17 18 15 1 9 19 16
1 10 12 2 13 16 11 3 5 18 19 4 15 17 14 8 9 7 6
7 10 1 9 11 6 4 17 12 2 3 14 16 19 15 18 13 8 5
5 10 15 3 2 8 7 6 17 16 13 11 19 1 18 4 14 9 12
10 13 18 5 11 6 15 14 12 1 16 4 8 17 2 7 19 9 3
10 1 17 15 2 8 16 12 6 19 11 9 18 3 7 5 4 13 14
6 14 2 4 12 17 15 1 10 8 18 13 9 5 16 3 19 7 11
16 3 8 19 6 9 14 2 17 10 15 18 7 13 5 1 11 4 12
